390 1287
382 1162
248 1086
458 719
298 559
723 527
118 508
473 487
225 415
387 373
407 335
60 327
181 319
832 303
25 290
526 289
752 278
1201 252
180 241
117 229
45 226
422 226
501 226
177 221
425 210
1832 208
488 203
1263 201
942 181
88 180
245 174
495 169
355 160
93 156
122 152
1259 148
829 144
3 141
416 140
755 139
525 137
881 134
1789 133
880 127
619 124
134 122
661 121
748 121
83 119
2478 117
745 116
1650 116
99 114
655 112
98 112
152 106
874 105
499 101
797 101
1050 101
830 96
370 92
3339 91
38 91
804 89
706 89
174 88
415 86
1611 85
1125 85
1397 85
761 84
56 84
78 82
642 82
492 82
116 79
828 76
1049 75
2218 74
310 74
424 73
1083 72
1183 72
435 69
1264 68
618 68
656 68
1320 67
1044 65
891 65
51 65
950 65
426 65
491 64
261 63
27 63
240 62
1975 62
2896 62
394 62
2070 62
1119 61
423 61
442 60
623 60
541 60
730 60
187 59
89 59
293 59
1919 58
1856 58
1219 57
1834 56
867 56
2568 56
57 56
149 56
2065 55
873 55
818 55
18 54
2836 52
1041 52
161 52
929 51
708 51
204 51
2238 51
147 50
136 50
393 49
903 49
807 47
2181 47
233 47
3168 46
827 46
1500 46
559 46
469 46
3277 45
9 45
2809 45
453 45
421 45
490 45
1448 44
1175 44
215 44
542 44
183 44
1127 43
1100 43
1225 43
523 43
2098 43
443 43
374 43
2302 42
266 42
2834 42
908 41
1970 40
1316 40
325 40
2092 39
335 39
3554 39
1976 39
762 39
978 38
186 38
736 38
650 38
2638 38
211 37
193 37
2303 37
4019 37
568 36
474 36
940 36
875 36
1997 36
2195 36
892 36
1374 36
796 35
1196 35
786 35
721 35
3606 35
3834 35
2833 35
1901 34
1565 34
437 34
34 34
930 34
1809 33
770 33
760 33
1897 32
1983 32
1880 32
2145 31
4358 31
1597 31
1622 31
3221 31
2329 31
2674 31
524 31
2711 31
2290 31
8665 31
2843 30
2866 30
3235 30
2373 30
4109 30
340 30
414 30
648 30
4172 29
3426 29
306 28
21 28
620 28
816 28
252 28
1004 28
1423 28
2242 28
734 28
1358 27
956 27
164 27
1375 27
887 27
1015 27
1874 27
346 27
1936 27
479 27
367 27
837 27
4114 27
2666 27
11687 26
339 26
1326 26
976 26
1353 25
273 25
3103 25
917 25
1504 25
1986 24
2894 24
2054 24
3437 24
2151 24
2156 24
1676 24
1279 24
1582 24
1248 23
522 23
3575 23
40 23
3094 23
3263 23
172 23
1213 23
4046 23
2727 23
749 23
1057 23
50 22
1022 22
1590 22
570 22
7905 22
693 22
1217 22
1938 22
560 22
1885 22
1647 22
1881 22
1815 22
1557 22
2545 22
746 22
914 22
1855 22
3312 21
3798 21
457 21
766 21
1435 21
1043 21
53 21
5153 21
1837 21
731 20
3584 20
3469 20
756 20
939 20
334 20
1479 20
601 20
4192 20
43 20
1588 20
2200 19
353 19
444 19
782 19
2252 19
1900 19
681 19
100 19
1649 19
815 19
1073 19
2665 19
5859 19
272 19
1754 19
2142 18
114 18
846 18
369 18
2293 18
1084 18
4136 18
679 18
711 18
1683 18
2673 18
4464 18
1808 18
1927 18
126 17
826 17
214 17
2128 17
582 17
1120 17
1451 17
2313 17
2096 17
652 17
1174 17
1148 17
677 17
4049 17
4381 17
2253 17
2093 17
238 17
2041 16
1232 16
2922 16
4651 16
5279 16
2084 16
3881 16
315 16
1671 16
24 16
338 16
2943 16
1347 16
1537 16
5698 16
777 16
717 16
715 16
8 16
4380 16
3502 16
638 16
2075 16
1575 16
1523 16
1594 16
2548 16
2572 16
833 16
1350 15
1719 15
5897 15
1673 15
1144 15
1110 15
932 15
1869 15
5678 15
5686 15
1942 15
3239 15
2755 15
2684 15
879 15
191 15
2120 15
73 15
587 15
3559 15
788 15
2158 15
3799 14
573 14
3246 14
104 14
3877 14
6141 14
87 14
113 14
2356 14
941 14
202 14
3624 14
649 13
7902 13
2028 13
5816 13
1906 13
3078 13
660 13
872 13
64 13
5538 13
645 13
919 13
1314 13
4726 13
2126 13
247 13
3583 13
1149 13
3785 13
385 13
3677 13
2173 13
11807 13
1727 13
1753 12
1324 12
2705 12
1151 12
2608 12
566 12
5361 12
1532 12
974 12
7984 12
7983 12
1262 12
860 12
936 12
806 12
1452 12
1093 12
2155 12
2903 12
3166 12
6669 12
5527 12
3096 12
1518 12
1112 11
1584 11
2631 11
2770 11
11652 11
1568 11
195 11
5386 11
3850 11
3658 11
1419 11
2161 11
622 11
839 11
579 11
8265 11
3174 11
937 11
1071 11
1517 11
2217 11
2505 11
8227 11
921 11
533 11
5186 11
4719 11
115 11
486 11
2073 11
713 10
1638 10
11522 10
3031 10
4839 10
2928 10
2024 10
3670 10
4671 10
851 10
9061 10
205 10
4451 10
5679 10
4142 10
1726 10
5811 10
2714 10
574 10
2742 10
4285 10
4315 10
605 10
2351 10
1674 10
646 10
4402 10
2785 10
3250 9
3057 9
5536 9
3370 9
162 9
1574 9
3252 9
1346 9
909 9
468 9
1898 9
686 9
4382 9
2489 9
4229 9
1911 9
1831 9
502 9
2234 9
1103 9
4488 9
1777 9
2611 9
1765 9
4530 9
6117 9
2798 9
3922 9
3935 9
3939 9
6202 9
1167 9
4577 9
1129 9
4023 9
1472 8
2235 8
4886 8
2130 8
2072 8
5870 8
5734 8
2330 8
2389 8
3182 8
11736 8
2528 8
5417 8
1794 8
5718 8
3486 8
2624 8
3063 8
3964 8
3937 8
1656 8
2807 8
140 8
1282 8
824 8
817 8
5995 8
1137 8
1017 8
515 8
1012 8
124 8
1218 8
1045 8
585 8
6609 8
5949 8
67 8
790 8
411 8
395 8
6493 8
9063 8
577 8
1186 8
1088 8
482 8
6444 8
9242 8
1734 7
2612 7
531 7
7040 7
1136 7
844 7
5132 7
1561 7
1555 7
690 7
2066 7
5374 7
2353 7
1194 7
1197 7
1205 7
5392 7
1868 7
2216 7
7796 7
3586 7
2320 7
7625 7
2832 7
4291 7
699 7
3536 7
4180 7
2970 7
3844 7
1978 7
132 7
1505 7
1393 7
8019 7
216 7
5838 7
2274 7
4574 7
2479 7
1473 7
1413 7
8085 7
575 7
226 7
5999 7
952 7
691 7
3712 7
6302 7
144 7
1533 7
4854 6
4959 6
3394 6
3360 6
345 6
4354 6
987 6
11859 6
4376 6
3408 6
1745 6
1124 6
2276 6
702 6
719 6
1807 6
410 6
7826 6
6811 6
2309 6
6231 6
4193 6
3875 6
12178 6
4393 6
6752 6
1531 6
1367 6
3521 6
537 6
4246 6
3181 6
4594 6
808 6
1491 6
2475 6
3126 6
1424 6
12174 6
5050 6
3530 6
12175 6
2726 6
3987 6
2931 6
311 6
602 6
3657 6
12173 6
3138 6
738 6
6547 6
3197 6
11745 6
5530 6
2210 6
4685 6
1299 6
280 6
4277 6
5586 6
6745 5
7963 5
994 5
889 5
4088 5
2177 5
2184 5
3702 5
2186 5
8067 5
3083 5
4630 5
2196 5
3731 5
2613 5
3501 5
2951 5
1964 5
2682 5
918 5
3498 5
2037 5
4815 5
2239 5
4856 5
4932 5
3781 5
3555 5
3990 5
498 5
1972 5
1383 5
8226 5
1398 5
1492 5
614 5
2474 5
4238 5
3029 5
329 5
12177 5
7628 5
2570 5
4316 5
5831 5
3827 5
615 5
2927 5
1529 5
5969 5
6092 5
6082 5
5798 5
7659 5
3880 5
1359 5
6002 5
11638 5
269 5
268 5
1806 5
2977 5
1003 5
3135 5
503 5
8543 5
2266 5
6546 5
386 5
9419 5
1070 5
3941 5
5177 5
1091 5
1094 5
7602 5
11705 5
1467 5
257 5
5882 5
6330 5
6345 5
5203 5
4125 5
2281 5
2619 4
4214 4
3643 4
4507 4
3537 4
546 4
3531 4
7982 4
9269 4
2445 4
4341 4
3573 4
11777 4
4454 4
2581 4
3041 4
672 4
4130 4
8365 4
2310 4
2312 4
3062 4
2331 4
2422 4
729 4
11806 4
3017 4
4135 4
2219 4
2381 4
742 4
2382 4
11749 4
2388 4
4503 4
1158 4
1607 4
3303 4
5428 4
1630 4
3784 4
6172 4
1672 4
1688 4
3179 4
5338 4
1599 4
1716 4
10270 4
5256 4
7816 4
8106 4
5235 4
2768 4
1793 4
6440 4
6446 4
1382 4
7928 4
1440 4
8242 4
46 4
7914 4
3253 4
1495 4
1498 4
264 4
3795 4
8954 4
5993 4
1318 4
5650 4
2856 4
6001 4
9749 4
8205 4
72 4
5501 4
434 4
4823 4
4715 4
4655 4
944 4
2702 4
4944 4
6986 4
7060 4
4784 4
8069 4
4001 4
2127 4
3750 4
11680 4
805 4
3485 4
2099 4
4567 4
1949 4
4769 4
4070 4
6638 4
1893 4
8103 4
2679 4
1047 4
2940 4
3435 4
5141 4
281 3
420 3
4204 3
519 3
2671 3
4041 3
7906 3
2892 3
8600 3
3823 3
432 3
3807 3
8459 3
438 3
3923 3
380 3
7805 3
218 3
2736 3
7822 3
3936 3
337 3
4589 3
2780 3
11719 3
3934 3
2968 3
8636 3
2791 3
2799 3
2933 3
8446 3
3779 3
3887 3
7845 3
11688 3
8493 3
7974 3
2842 3
3143 3
3327 3
3184 3
5383 3
92 3
6226 3
5321 3
5271 3
3371 3
1758 3
1770 3
1096 3
10397 3
1633 3
3139 3
5108 3
3439 3
6681 3
5014 3
4245 3
975 3
959 3
4924 3
2016 3
926 3
6873 3
1342 3
30 3
44 3
1453 3
1475 3
1482 3
1496 3
5953 3
1507 3
1509 3
5822 3
1389 3
5954 3
4974 3
3211 3
1341 3
1335 3
1301 3
1284 3
5506 3
5486 3
3299 3
1244 3
5481 3
1237 3
1222 3
8768 3
7173 3
4513 3
7330 3
2202 3
754 3
912 3
8356 3
8834 3
4458 3
11791 3
4366 3
11775 3
3541 3
2294 3
8728 3
2349 3
11760 3
3006 3
11747 3
588 3
2402 3
3614 3
2433 3
2434 3
2444 3
142 3
7058 3
4689 3
2112 3
9009 3
4702 3
4568 3
4652 3
895 3
7122 3
7128 3
6979 3
3069 3
6974 3
7157 3
6880 3
3496 2
3441 2
7990 2
7987 2
8448 2
3796 2
8081 2
3255 2
3605 2
7991 2
3782 2
3254 2
8136 2
8780 2
3792 2
3570 2
8395 2
8023 2
7943 2
3678 2
3372 2
8175 2
8131 2
8165 2
8307 2
6724 2
10369 2
6465 2
5167 2
5154 2
6490 2
10445 2
5123 2
5100 2
5051 2
6615 2
9369 2
10488 2
5031 2
5242 2
4999 2
4978 2
6789 2
4958 2
6805 2
4774 2
4734 2
7014 2
9060 2
4631 2
4619 2
9027 2
4578 2
5485 2
5905 2
9865 2
8261 2
5935 2
5853 2
5845 2
5842 2
5693 2
5585 2
9752 2
6049 2
6050 2
6063 2
7148 2
10136 2
5401 2
6151 2
6163 2
6174 2
6186 2
9612 2
5343 2
5342 2
5327 2
5286 2
6297 2
10269 2
4022 2
7690 2
4126 2
4111 2
4091 2
4090 2
7703 2
7725 2
10985 2
4064 2
7748 2
7774 2
4024 2
8550 2
4244 2
8546 2
7801 2
3988 2
8531 2
7828 2
3914 2
3896 2
7843 2
3885 2
7876 2
7894 2
3841 2
3838 2
4378 2
4559 2
8945 2
4511 2
8940 2
8863 2
4485 2
7408 2
7447 2
4459 2
8791 2
8790 2
10851 2
9875 2
11165 2
7569 2
4356 2
4335 2
7631 2
4317 2
4312 2
4296 2
8648 2
4278 2
4274 2
4267 2
4259 2
532 2
2264 2
684 2
3046 2
11634 2
3055 2
2259 2
2845 2
2830 2
1699 2
1737 2
3065 2
3067 2
2525 2
1782 2
593 2
11630 2
1429 2
3084 2
3093 2
480 2
460 2
450 2
431 2
1092 2
3128 2
1861 2
11872 2
417 2
11720 2
408 2
1396 2
12127 2
1553 2
2948 2
2430 2
1564 2
1543 2
911 2
888 2
886 2
1572 2
840 2
2926 2
780 2
1616 2
2442 2
2914 2
2244 2
2912 2
1634 2
977 2
11965 2
2336 2
1519 2
993 2
1512 2
1502 2
2506 2
2519 2
2282 2
1693 2
2271 2
705 2
2021 2
2172 2
1955 2
1141 2
11866 2
229 2
1288 2
1961 2
1994 2
200 2
12014 2
185 2
178 2
173 2
402 2
163 2
11856 2
133 2
128 2
2057 2
2067 2
2654 2
1192 2
1206 2
2672 2
58 2
2103 2
11799 2
319 2
11808 2
3158 2
11694 2
2774 2
3155 2
1928 2
2759 2
2752 2
1384 2
9919 1
1536 1
9746 1
5721 1
5909 1
5777 1
1273 1
6061 1
9862 1
1268 1
6073 1
1363 1
5750 1
1425 1
5380 1
5719 1
5715 1
6075 1
6101 1
6105 1
1547 1
6106 1
9715 1
5844 1
9789 1
1293 1
1317 1
9879 1
5885 1
1450 1
1434 1
6010 1
11972 1
6011 1
1469 1
1355 1
5987 1
1427 1
5984 1
9747 1
6020 1
1485 1
9867 1
5980 1
5832 1
6021 1
6025 1
5819 1
6026 1
1436 1
5815 1
5057 1
4963 1
4981 1
4987 1
5019 1
5022 1
5024 1
1926 1
5033 1
1914 1
5056 1
10509 1
5068 1
5072 1
5073 1
5082 1
5083 1
10469 1
1850 1
5169 1
1818 1
1813 1
11854 1
11847 1
2095 1
4708 1
11848 1
11852 1
4730 1
2071 1
4735 1
10647 1
10618 1
1785 1
4789 1
11855 1
4819 1
10607 1
2022 1
4844 1
2013 1
4891 1
2001 1
11864 1
10111 1
11919 1
1644 1
1637 1
5398 1
5399 1
5409 1
11920 1
5422 1
5427 1
1627 1
6315 1
1605 1
5498 1
5510 1
5524 1
11930 1
10071 1
5583 1
1560 1
5622 1
5626 1
10251 1
5215 1
5225 1
10306 1
5234 1
11906 1
5259 1
5276 1
5277 1
5278 1
11909 1
1558 1
5312 1
5313 1
5316 1
11911 1
5339 1
10171 1
1687 1
5360 1
5368 1
5377 1
427 1
7608 1
8693 1
606 1
595 1
7652 1
511 1
8607 1
12176 1
8603 1
7750 1
8561 1
633 1
7775 1
7776 1
7782 1
7784 1
7791 1
7797 1
7800 1
356 1
7806 1
8512 1
343 1
8809 1
8845 1
8844 1
732 1
8826 1
8825 1
7413 1
8820 1
7415 1
8814 1
8810 1
709 1
7824 1
7493 1
7494 1
7513 1
8776 1
7550 1
8761 1
8759 1
8752 1
680 1
7581 1
106 1
8026 1
8035 1
168 1
8042 1
145 1
8097 1
8101 1
127 1
8319 1
8130 1
112 1
8016 1
8142 1
8168 1
8284 1
8188 1
8200 1
8279 1
63 1
8232 1
8269 1
41 1
259 1
8507 1
331 1
7842 1
7871 1
295 1
7877 1
7878 1
7887 1
7897 1
7904 1
265 1
7355 1
256 1
236 1
7949 1
7961 1
7962 1
8442 1
210 1
201 1
8000 1
8001 1
9432 1
6343 1
9494 1
1095 1
9492 1
9482 1
6380 1
6392 1
6419 1
6422 1
6425 1
9435 1
9506 1
6516 1
6524 1
9427 1
12068 1
1039 1
6557 1
6566 1
6616 1
1009 1
6659 1
6216 1
9714 1
6125 1
9713 1
6165 1
12006 1
6184 1
6188 1
6198 1
12010 1
6204 1
6213 1
6664 1
12013 1
1165 1
9588 1
6237 1
9579 1
6274 1
6299 1
9517 1
3233 1
6334 1
8988 1
9082 1
12110 1
6990 1
9075 1
7012 1
849 1
9049 1
7080 1
7082 1
9024 1
787 1
899 1
8986 1
7152 1
7189 1
7212 1
7230 1
7253 1
8922 1
7293 1
8907 1
7345 1
9248 1
12098 1
6680 1
6687 1
6709 1
6716 1
9330 1
6728 1
992 1
979 1
968 1
938 1
1221 1
922 1
9241 1
9224 1
6869 1
920 1
6887 1
6914 1
6921 1
6925 1
6957 1
11586 1
11683 1
3330 1
2424 1
11776 1
3333 1
3718 1
2241 1
4103 1
3183 1
11741 1
11742 1
3968 1
3347 1
10896 1
3969 1
11382 1
3649 1
11690 1
3180 1
4489 1
4359 1
2176 1
2190 1
4263 1
3640 1
2192 1
3061 1
3749 1
3189 1
11686 1
3309 1
4269 1
4484 1
2772 1
10792 1
3942 1
3546 1
4364 1
4272 1
11561 1
11685 1
4438 1
4437 1
3381 1
3382 1
3991 1
4421 1
4420 1
10845 1
3648 1
3406 1
3164 1
4298 1
3398 1
4005 1
3079 1
4305 1
4384 1
11786 1
2371 1
2399 1
2243 1
3679 1
4080 1
3367 1
3068 1
11684 1
3070 1
2639 1
10763 1
11795 1
2640 1
3165 1
10834 1
2738 1
4442 1
2708 1
3525 1
3523 1
3878 1
4194 1
10874 1
3249 1
2898 1
4634 1
4205 1
2124 1
3803 1
4218 1
3587 1
2369 1
2917 1
4223 1
3484 1
3483 1
11639 1
2929 1
2498 1
2542 1
2817 1
4187 1
2363 1
4169 1
4183 1
4157 1
2891 1
2867 1
3828 1
11156 1
3243 1
4658 1
2133 1
11844 1
11609 1
3865 1
2109 1
4026 1
11294 1
11729 1
10876 1
2855 1
2789 1
2575 1
3650 1
3450 1
11771 1
3574 1
2153 1
3777 1
3770 1
3448 1
2781 1
4545 1
4314 1
3560 1
3129 1
3056 1
3136 1
2307 1
4526 1
11136 1
3213 1
11824 1
3212 1
3893 1
3210 1
4236 1
11737 1
2148 1
3016 1
11812 1
4346 1
2694 1
2451 1
3268 1
3635 1
3580 1
8928 0
8924 0
8936 0
8927 0
8923 0
8926 0
8889 0
11546 0
8877 0
8872 0
8871 0
12141 0
8850 0
8846 0
11274 0
11281 0
8884 0
12142 0
11286 0
8823 0
8822 0
11543 0
11542 0
8815 0
9333 0
8897 0
8920 0
8917 0
8908 0
11548 0
8906 0
8903 0
8901 0
8898 0
8921 0
8893 0
8892 0
8890 0
12133 0
11540 0
8888 0
8886 0
11272 0
9126 0
11592 0
9196 0
11589 0
9181 0
9180 0
9178 0
9174 0
11182 0
9169 0
9168 0
9146 0
9142 0
9209 0
9119 0
9116 0
9101 0
11183 0
9100 0
9097 0
9087 0
11188 0
12108 0
11195 0
9079 0
9256 0
12046 0
11617 0
9331 0
11159 0
11613 0
9320 0
9310 0
12107 0
9309 0
9302 0
11173 0
11174 0
11208 0
11175 0
9247 0
9243 0
11607 0
9237 0
9236 0
9220 0
9215 0
9213 0
11598 0
11594 0
8958 0
8992 0
8990 0
12125 0
11246 0
11250 0
8985 0
8984 0
11267 0
8980 0
8977 0
8976 0
12129 0
11245 0
11558 0
12130 0
11556 0
8953 0
8952 0
8950 0
12131 0
8943 0
8941 0
11269 0
12132 0
11584 0
11587 0
11209 0
11211 0
11212 0
9062 0
12112 0
12113 0
9059 0
9054 0
12122 0
9053 0
9051 0
8937 0
9046 0
9031 0
11235 0
12123 0
11580 0
12124 0
9003 0
9002 0
8994 0
8993 0
11569 0
11442 0
11486 0
8421 0
8417 0
8410 0
8409 0
8401 0
11439 0
11484 0
8380 0
11441 0
8376 0
8368 0
11491 0
8367 0
8366 0
11443 0
11444 0
8361 0
8360 0
8359 0
11483 0
11445 0
11447 0
8355 0
11423 0
12188 0
11492 0
8475 0
8473 0
8467 0
8463 0
12189 0
8457 0
12190 0
8447 0
11422 0
8354 0
11433 0
11436 0
12191 0
12192 0
8436 0
12193 0
12198 0
12200 0
11438 0
8434 0
8429 0
8282 0
8294 0
8293 0
12213 0
8292 0
8287 0
8285 0
11454 0
12214 0
11474 0
11456 0
8283 0
12215 0
8295 0
11458 0
8278 0
8277 0
11471 0
11463 0
8271 0
11467 0
12217 0
11468 0
8262 0
12218 0
8320 0
8352 0
12201 0
11448 0
8345 0
8332 0
8325 0
8324 0
11479 0
11478 0
12202 0
8321 0
11493 0
8318 0
8317 0
8313 0
8310 0
11452 0
8308 0
12210 0
11477 0
8302 0
8301 0
8300 0
12172 0
8730 0
12162 0
8719 0
8712 0
8706 0
8698 0
11528 0
8692 0
8688 0
8685 0
12165 0
8684 0
11529 0
8680 0
8679 0
8673 0
8661 0
8659 0
8657 0
11318 0
8647 0
8645 0
8638 0
8621 0
8782 0
11301 0
11303 0
11306 0
8808 0
8799 0
8797 0
8795 0
12146 0
8789 0
8783 0
11539 0
8608 0
11538 0
11308 0
8772 0
12153 0
8767 0
8766 0
8763 0
11533 0
11310 0
8751 0
8742 0
8494 0
11367 0
8529 0
11387 0
11398 0
12182 0
11404 0
11411 0
11418 0
12183 0
12184 0
8503 0
8498 0
12181 0
11419 0
12185 0
8488 0
8484 0
11421 0
8483 0
12186 0
8478 0
8477 0
8476 0
12187 0
8594 0
11321 0
11322 0
11527 0
11511 0
8606 0
11323 0
8601 0
11330 0
8598 0
11333 0
11508 0
8812 0
8593 0
8580 0
8562 0
11500 0
11334 0
11364 0
12179 0
11365 0
11495 0
11494 0
12180 0
10220 0
10846 0
10849 0
11792 0
10256 0
10854 0
11910 0
10246 0
10239 0
10224 0
11780 0
10223 0
10222 0
11907 0
10201 0
11779 0
10200 0
11912 0
10184 0
10183 0
10857 0
10182 0
11913 0
11916 0
11774 0
10331 0
10399 0
10827 0
10832 0
10395 0
10390 0
11887 0
10368 0
11897 0
10363 0
10353 0
10342 0
11797 0
11917 0
10320 0
10319 0
10310 0
10304 0
10841 0
10295 0
11900 0
10282 0
10281 0
10276 0
10271 0
10075 0
10092 0
10091 0
11924 0
10090 0
11927 0
11762 0
10881 0
11929 0
10884 0
11758 0
11934 0
10082 0
10093 0
10074 0
10064 0
10057 0
10044 0
10037 0
10899 0
10026 0
10015 0
10010 0
10007 0
10002 0
10142 0
10170 0
10866 0
10167 0
10869 0
10162 0
10157 0
10873 0
11770 0
10879 0
10150 0
10148 0
10145 0
10825 0
10141 0
11763 0
10139 0
11922 0
10135 0
10134 0
10120 0
10116 0
10115 0
10880 0
11923 0
10592 0
10617 0
10616 0
10613 0
10612 0
10719 0
11833 0
10611 0
10720 0
10610 0
10608 0
10722 0
10725 0
10705 0
10589 0
10728 0
10583 0
10577 0
10576 0
11861 0
10574 0
10565 0
10560 0
11862 0
11811 0
10660 0
10696 0
10686 0
10697 0
10685 0
11846 0
10682 0
10680 0
10679 0
10701 0
11850 0
10678 0
10674 0
10550 0
11842 0
10659 0
10702 0
10641 0
10635 0
10634 0
10631 0
10626 0
10620 0
10703 0
11836 0
11878 0
11798 0
10471 0
10785 0
10454 0
10807 0
10450 0
11873 0
10448 0
10447 0
10446 0
11874 0
10820 0
10780 0
10444 0
10436 0
10433 0
10428 0
10417 0
10414 0
11882 0
11883 0
10411 0
10410 0
11884 0
10501 0
10534 0
10529 0
10525 0
10524 0
10513 0
11810 0
10729 0
10732 0
10733 0
11867 0
11809 0
10502 0
9992 0
10736 0
10500 0
11868 0
10745 0
10499 0
10749 0
10484 0
10473 0
11870 0
10765 0
10778 0
9507 0
9568 0
9563 0
9547 0
11096 0
9531 0
12016 0
9519 0
11098 0
11099 0
9508 0
12024 0
11113 0
9569 0
11123 0
11125 0
11131 0
9491 0
11644 0
9478 0
9477 0
9471 0
9468 0
11643 0
9467 0
9618 0
9664 0
11028 0
9656 0
12009 0
9655 0
9640 0
9637 0
11670 0
11037 0
9635 0
9632 0
9631 0
9462 0
11667 0
9607 0
11053 0
9599 0
11054 0
11060 0
9587 0
9583 0
11084 0
11095 0
9574 0
12095 0
9411 0
9402 0
9401 0
9399 0
9398 0
9393 0
9392 0
9386 0
9385 0
12087 0
12088 0
9379 0
9417 0
9378 0
9373 0
9366 0
9355 0
11146 0
9353 0
9352 0
11625 0
12103 0
9348 0
11621 0
9438 0
9456 0
9451 0
11133 0
11134 0
9450 0
9445 0
9444 0
11642 0
12034 0
10695 0
9440 0
9439 0
9681 0
12047 0
12052 0
9437 0
12064 0
11641 0
11135 0
11640 0
9428 0
9418 0
12071 0
11145 0
10945 0
9908 0
9902 0
9901 0
11967 0
11731 0
9885 0
9883 0
11973 0
9880 0
10938 0
11726 0
10944 0
9918 0
11978 0
11722 0
10946 0
10947 0
9861 0
9859 0
9858 0
9852 0
9851 0
11979 0
11711 0
10910 0
11938 0
9987 0
9982 0
11948 0
11740 0
9981 0
9979 0
10900 0
9978 0
9953 0
11952 0
10909 0
9828 0
9946 0
9943 0
11963 0
10922 0
9940 0
9931 0
9926 0
11738 0
9921 0
10925 0
10927 0
11017 0
10995 0
11003 0
11991 0
12002 0
9733 0
11004 0
11009 0
9724 0
9721 0
11011 0
11012 0
11014 0
10988 0
9707 0
11682 0
9698 0
9697 0
9696 0
9690 0
12003 0
11671 0
9689 0
11027 0
12007 0
11980 0
9809 0
9805 0
11699 0
10948 0
9802 0
9797 0
10949 0
9793 0
11698 0
9791 0
11697 0
9335 0
10954 0
11983 0
11989 0
10961 0
10962 0
11691 0
10970 0
10971 0
9745 0
11990 0
9738 0
3722 0
3858 0
3847 0
3830 0
3829 0
3822 0
3818 0
3806 0
3778 0
3769 0
3766 0
3748 0
3734 0
3729 0
3724 0
3886 0
3684 0
3673 0
3669 0
3667 0
3665 0
3655 0
3637 0
3636 0
3627 0
3616 0
3612 0
3603 0
3595 0
3594 0
3981 0
4059 0
4053 0
4052 0
4040 0
4039 0
4038 0
4031 0
4029 0
4027 0
4013 0
4009 0
3992 0
3985 0
3982 0
3582 0
3977 0
3976 0
3967 0
3966 0
3963 0
3959 0
3958 0
3950 0
3949 0
3926 0
3925 0
3911 0
3909 0
3203 0
3273 0
3270 0
3269 0
3251 0
3248 0
3245 0
3244 0
3238 0
3237 0
3232 0
3228 0
3227 0
3222 0
3207 0
3278 0
3193 0
3192 0
3186 0
3185 0
3171 0
3170 0
3148 0
3137 0
3118 0
3115 0
3110 0
3105 0
3101 0
3064 0
3397 0
3566 0
3522 0
3519 0
3513 0
3489 0
3488 0
3487 0
3475 0
3460 0
3444 0
3431 0
3422 0
3415 0
3407 0
4065 0
3396 0
3395 0
3392 0
3378 0
3350 0
3346 0
3343 0
3341 0
3329 0
3301 0
3291 0
3288 0
3285 0
4732 0
4821 0
4811 0
4809 0
4795 0
4790 0
4773 0
4768 0
4766 0
4765 0
4753 0
4752 0
4751 0
4750 0
4745 0
4826 0
4731 0
4729 0
4714 0
4713 0
4712 0
4704 0
4691 0
4684 0
4677 0
4673 0
4665 0
4640 0
4639 0
4621 0
4948 0
5106 0
5099 0
5098 0
5076 0
5044 0
5035 0
5032 0
5023 0
5005 0
4995 0
4993 0
4962 0
4956 0
4952 0
4620 0
4947 0
4937 0
4936 0
4903 0
4895 0
4887 0
4871 0
4862 0
4861 0
4855 0
4853 0
4834 0
4830 0
4248 0
4355 0
4349 0
4342 0
4340 0
4333 0
4331 0
4311 0
4295 0
4293 0
4284 0
4283 0
4258 0
4255 0
4252 0
4370 0
4243 0
4233 0
4182 0
4170 0
4147 0
4140 0
4137 0
4118 0
4117 0
4104 0
4102 0
4101 0
4078 0
4066 0
4483 0
4606 0
4605 0
4600 0
4584 0
4565 0
4563 0
4561 0
4539 0
4532 0
4524 0
4523 0
4506 0
4505 0
4497 0
3058 0
4482 0
4473 0
4467 0
4463 0
4462 0
4461 0
4450 0
4441 0
4419 0
4418 0
4413 0
4400 0
4394 0
1190 0
1540 0
1539 0
1530 0
1484 0
1468 0
1466 0
1428 0
1406 0
1352 0
1298 0
1297 0
1269 0
1254 0
1245 0
1548 0
1189 0
1176 0
1172 0
1170 0
1169 0
1150 0
1117 0
1109 0
1087 0
1068 0
1065 0
1063 0
1055 0
1054 0
1694 0
1871 0
1865 0
1860 0
1849 0
1847 0
1840 0
1812 0
1784 0
1763 0
1749 0
1746 0
1698 0
1697 0
1695 0
1052 0
1692 0
1677 0
1669 0
1662 0
1628 0
1626 0
1603 0
1598 0
1593 0
1577 0
1576 0
1566 0
1554 0
242 0
534 0
508 0
505 0
465 0
419 0
384 0
383 0
341 0
309 0
305 0
287 0
285 0
284 0
267 0
562 0
241 0
221 0
220 0
217 0
209 0
208 0
130 0
120 0
101 0
97 0
74 0
71 0
47 0
22 0
778 0
1035 0
1028 0
1027 0
1002 0
1001 0
990 0
896 0
890 0
871 0
869 0
831 0
825 0
803 0
779 0
1873 0
775 0
771 0
765 0
759 0
758 0
735 0
727 0
707 0
683 0
657 0
616 0
613 0
599 0
2646 0
2825 0
2803 0
2802 0
2793 0
2777 0
2776 0
2775 0
2748 0
2707 0
2704 0
2699 0
2697 0
2664 0
2661 0
2859 0
2628 0
2614 0
2607 0
2606 0
2604 0
2603 0
2591 0
2590 0
2586 0
2583 0
2578 0
2574 0
2558 0
2536 0
2956 0
3048 0
3021 0
3010 0
3000 0
2993 0
2988 0
2987 0
2986 0
2980 0
2979 0
2967 0
2966 0
2963 0
2957 0
2535 0
2955 0
2946 0
2945 0
2941 0
2939 0
2924 0
2895 0
2893 0
2883 0
2876 0
2870 0
2865 0
2860 0
2102 0
2225 0
2224 0
2211 0
2207 0
2159 0
2152 0
2144 0
2143 0
2141 0
2125 0
2121 0
2119 0
2107 0
2104 0
2228 0
2094 0
2083 0
2081 0
2063 0
2029 0
2023 0
2006 0
2004 0
2002 0
1977 0
1958 0
1957 0
1952 0
1891 0
2370 0
2521 0
2520 0
2485 0
2459 0
2456 0
2431 0
2429 0
2414 0
2392 0
2391 0
2384 0
2376 0
2375 0
2372 0
5110 0
2348 0
2332 0
2322 0
2285 0
2272 0
2270 0
2268 0
2267 0
2260 0
2255 0
2251 0
2246 0
2245 0
7331 0
7410 0
7403 0
7397 0
7395 0
7393 0
7387 0
7384 0
7383 0
7380 0
7374 0
7372 0
7364 0
7347 0
7334 0
7411 0
7329 0
7321 0
7317 0
7314 0
7313 0
7306 0
7305 0
7304 0
7303 0
7302 0
7297 0
7295 0
7294 0
7292 0
7485 0
7579 0
7566 0
7561 0
7560 0
7555 0
7554 0
7549 0
7548 0
7547 0
7545 0
7528 0
7523 0
7496 0
7492 0
7280 0
7484 0
7483 0
7465 0
7455 0
7453 0
7450 0
7449 0
7437 0
7433 0
7428 0
7423 0
7414 0
7412 0
6988 0
7101 0
7083 0
7071 0
7069 0
7067 0
7066 0
7065 0
7059 0
7047 0
7036 0
7034 0
7019 0
7015 0
6994 0
7102 0
6980 0
6973 0
6960 0
6959 0
6945 0
6944 0
6942 0
6934 0
6933 0
6932 0
6930 0
6916 0
6907 0
6906 0
7180 0
7275 0
7264 0
7263 0
7254 0
7242 0
7234 0
7231 0
7229 0
7227 0
7226 0
7217 0
7215 0
7214 0
7200 0
7588 0
7171 0
7163 0
7162 0
7156 0
7153 0
7150 0
7145 0
7138 0
7130 0
7117 0
7113 0
7106 0
7103 0
8033 0
8099 0
8098 0
8090 0
8087 0
8078 0
8077 0
8075 0
8048 0
8047 0
8046 0
8044 0
8041 0
8040 0
8039 0
8112 0
8029 0
8025 0
8022 0
8021 0
8015 0
8012 0
8011 0
8006 0
7996 0
7995 0
7981 0
7970 0
7958 0
7941 0
8164 0
8250 0
8247 0
8240 0
8238 0
8236 0
8225 0
8222 0
8215 0
8207 0
8204 0
8174 0
8173 0
8172 0
8167 0
7930 0
8161 0
8157 0
8156 0
8155 0
8143 0
8139 0
8137 0
8135 0
8134 0
8132 0
8116 0
8115 0
8113 0
7649 0
7732 0
7728 0
7727 0
7726 0
7689 0
7681 0
7678 0
7677 0
7674 0
7673 0
7672 0
7658 0
7651 0
7650 0
7747 0
7633 0
7632 0
7630 0
7629 0
7626 0
7623 0
7622 0
7616 0
7613 0
7612 0
7611 0
7610 0
7598 0
7592 0
7870 0
7929 0
7927 0
7922 0
7921 0
7920 0
7919 0
7901 0
7898 0
7896 0
7889 0
7885 0
7880 0
7875 0
7874 0
6905 0
7855 0
7825 0
7815 0
7810 0
7803 0
7802 0
7799 0
7795 0
7769 0
7768 0
7762 0
7757 0
7756 0
5579 0
5717 0
5716 0
5714 0
5706 0
5685 0
5680 0
5663 0
5659 0
5624 0
5615 0
5602 0
5587 0
5581 0
5580 0
5725 0
5578 0
5571 0
5566 0
5561 0
5555 0
5502 0
5496 0
5489 0
5488 0
5478 0
5475 0
5470 0
5467 0
5459 0
5877 0
5983 0
5981 0
5965 0
5961 0
5955 0
5942 0
5936 0
5930 0
5923 0
5922 0
5917 0
5907 0
5904 0
5902 0
5456 0
5868 0
5852 0
5849 0
5835 0
5823 0
5821 0
5820 0
5808 0
5803 0
5754 0
5753 0
5752 0
5727 0
5184 0
5255 0
5247 0
5238 0
5231 0
5230 0
5229 0
5227 0
5222 0
5220 0
5209 0
5207 0
5204 0
5202 0
5192 0
5264 0
5180 0
5176 0
5170 0
5165 0
5155 0
5148 0
5145 0
5143 0
5140 0
5138 0
5135 0
5129 0
5122 0
5120 0
5332 0
5445 0
5436 0
5423 0
5420 0
5412 0
5411 0
5410 0
5387 0
5385 0
5382 0
5376 0
5341 0
5340 0
5337 0
5985 0
5326 0
5320 0
5319 0
5318 0
5317 0
5306 0
5304 0
5291 0
5285 0
5284 0
5270 0
5269 0
5265 0
6543 0
6645 0
6644 0
6639 0
6623 0
6592 0
6591 0
6590 0
6585 0
6583 0
6582 0
6562 0
6561 0
6560 0
6559 0
6647 0
6542 0
6537 0
6527 0
6507 0
6503 0
6492 0
6461 0
6460 0
6459 0
6432 0
6427 0
6426 0
6410 0
6398 0
6792 0
6897 0
6886 0
6875 0
6864 0
6860 0
6851 0
6846 0
6845 0
6844 0
6841 0
6827 0
6826 0
6820 0
6819 0
6395 0
6776 0
6764 0
6755 0
6746 0
6730 0
6719 0
6715 0
6706 0
6688 0
6683 0
6678 0
6665 0
6650 0
6132 0
6210 0
6209 0
6190 0
6189 0
6187 0
6185 0
6183 0
6181 0
6170 0
6162 0
6157 0
6156 0
6152 0
6134 0
6211 0
6120 0
6115 0
6114 0
6111 0
6094 0
6053 0
6036 0
6028 0
6014 0
6008 0
6004 0
6003 0
5988 0
6300 0
6393 0
6376 0
6371 0
6370 0
6367 0
6362 0
6348 0
6346 0
6344 0
6340 0
6335 0
6323 0
6310 0
6306 0
8253 0
6282 0
6281 0
6267 0
6264 0
6263 0
6258 0
6236 0
6234 0
6228 0
6227 0
6225 0
6217 0
6212 0
